[[-0.35955316]
 [ 0.97663904]
 [ 0.40234164]
 [-0.81314628]
 [-0.88778575]
 [ 0.44386323]
 [-0.97727788]
 [ 0.42833187]
 [ 0.20827498]
 [-0.31155253]
 [-0.51080514]
 [ 0.12691209]
 [-1.53624369]
 [-0.40178094]
 [ 0.6536186 ]
 [ 1.17877957]
 [-0.17992484]
 [ 1.78587049]
 [ 1.45427351]
 [-0.68481009]
 [ 0.97873798]
 [ 1.89588918]
 [-0.4380743 ]
 [ 0.3130677 ]
 [ 0.76103773]
 [ 0.77749036]
 [ 1.9507754 ]
 [ 0.33367433]
 [-0.34791215]
 [ 1.53277921]
 [-0.89546656]
 [-0.57884966]
 [-1.04855297]
 [ 0.37816252]
 [ 0.01050002]
 [ 0.46278226]
 [ 0.14404357]
 [-0.40317695]
 [ 0.0519454 ]
 [-1.25279536]
 [ 1.05445173]
 [ 0.40015721]
 [-1.70627019]
 [ 2.2408932 ]
 [ 0.17742614]
 [-0.20515826]
 [ 1.23029068]
 [-0.85409574]
 [ 1.76405235]
 [ 0.4105985 ]
 [-0.90729836]
 [-1.42001794]
 [ 0.46566244]
 [ 0.90082649]
 [ 1.13940068]
 [ 0.40198936]
 [ 0.3869025 ]
 [-1.7262826 ]
 [ 1.46935877]
 [-0.18718385]
 [-0.87079715]
 [ 0.3024719 ]
 [ 1.20237985]
 [-1.98079647]
 [-2.55298982]
 [-1.45436567]
 [-0.02818223]
 [ 0.15494743]
 [ 1.22244507]
 [ 1.86755799]
 [ 2.26975462]
 [-0.74216502]
 [ 0.06651722]
 [ 1.49407907]
 [-0.67246045]
 [-1.63019835]
 [ 0.12898291]
 [ 0.95008842]
 [ 1.48825219]
 [ 0.05616534]
 [ 0.8644362 ]
 [ 0.70657317]
 [-0.15135721]
 [-1.07075262]
 [-0.10321885]
 [-0.30230275]
 [-0.38732682]
 [ 0.72909056]
 [ 0.12167502]
 [-0.50965218]
 [-1.23482582]
 [-0.21274028]
 [-0.63432209]
 [ 0.15634897]
 [ 0.04575852]
 [-1.16514984]
 [-0.36274117]
 [ 0.3563664 ]
 [-1.61389785]
 [-1.18063218]]
[ -31.74599395  -28.79914206   -2.18450294   28.96679712  -30.8791169
   50.95046613  -93.57631576   16.24879305   53.00911661  -45.22174792
  -42.00928854   19.11001507 -104.92973612  -56.59706356   38.16097549
   86.6425451     1.12230893   69.27242173  126.86525291  -10.78662055
   77.56286175   70.25640721   47.34938459   16.41010803   77.45519541
  112.90598866   97.17109917    8.58493832   46.16243904   77.58257518
  -68.66251854  -15.37643859  -67.58209491   66.59785916  -77.1975778
   58.67310543   59.45329793   -2.97735959  -59.65844597  -28.1025301
    8.56496251   18.82793704  -65.40363111   50.28677503   30.31262372
  -78.37299529   99.18489631  -32.18139332   66.33267361  -43.60361328
    8.42455635 -101.49486272  -46.78311154  -13.82464962   34.84757441
   25.49574035  -40.33900467 -153.46417138   76.56469745    2.12468583
  -33.11694259   -9.27070853   22.32574327  -98.68732704 -128.71329362
  -59.89757886  -55.6553467   -61.3575238    27.87187765  108.47758004
   94.60351217  -16.22563521  -60.57539163   29.58507825  -21.66009884
  -96.3039129    43.59282237    2.81245212    1.40895961   32.41891887
   44.41866127   19.58494635  -13.7348533   -43.74273429   16.78504655
  -58.00030064  -13.52219495   45.75730762   50.6816265    20.3044043
  -30.21166631   12.37152567  -59.37163364   -6.11610716  -30.80406808
  -46.08376409   36.80029964    3.48370578  -13.66228476  -68.86587953]
